    0    -48.0000     0.0000     0.0000   X
    1    -46.0000     0.0000     0.0000   X
    2    -44.0000     0.0000     0.0000   X
    3    -42.0000     0.0000     0.0000   X
    4    -40.0000     0.0000     0.0000   X
    5    -38.0000     0.0000     0.0000   X
    6    -36.0000     0.0000     0.0000   X
    7    -34.0000     0.0000     0.0000   X
    8    -32.0000     0.0000     0.0000   X
    9    -30.0000     0.0000     0.0000   X
   10    -28.0000     0.0000     0.0000   X
   11    -26.0000     0.0000     0.0000   X
   12    -24.0000     0.0000     0.0000   X
   13    -22.0000     0.0000     0.0000   X
   14    -20.0000     0.0000     0.0000   X
   15    -18.0000     0.0000     0.0000   X
   16    -16.0000     0.0000     0.0000   X
   17    -14.0000     0.0000     0.0000   X
   18    -12.0000     0.0000     0.0000   X
   19    -10.0000     0.0000     0.0000   X
   20     -8.0000     0.0000     0.0000   X
   21     -6.0000     0.0000     0.0000   X
   22     -4.0000     0.0000     0.0000   X
   23     -2.0000     0.0000     0.0000   X
   24      0.0000     0.0000     0.0000   X
   25      2.0000     0.0000     0.0000   X
   26      4.0000     0.0000     0.0000   X
   27      6.0000     0.0000     0.0000   X
   28      8.0000     0.0000     0.0000   X
   29     10.0000     0.0000     0.0000   X
   30     12.0000     0.0000     0.0000   X
   31     14.0000     0.0000     0.0000   X
   32     16.0000     0.0000     0.0000   X
   33     18.0000     0.0000     0.0000   X
   34     20.0000     0.0000     0.0000   X
   35     22.0000     0.0000     0.0000   X
   36     24.0000     0.0000     0.0000   X
   37     26.0000     0.0000     0.0000   X
   38     28.0000     0.0000     0.0000   X
   39     30.0000     0.0000     0.0000   X
   40     32.0000     0.0000     0.0000   X
   41     34.0000     0.0000     0.0000   X
   42     36.0000     0.0000     0.0000   X
   43     38.0000     0.0000     0.0000   X
   44     40.0000     0.0000     0.0000   X
   45     42.0000     0.0000     0.0000   X
   46     44.0000     0.0000     0.0000   X
   47     46.0000     0.0000     0.0000   X
   48     48.0000     0.0000     0.0000   X
   49      0.0000   -48.0000     0.0000   Y
   50      0.0000   -46.0000     0.0000   Y
   51      0.0000   -44.0000     0.0000   Y
   52      0.0000   -42.0000     0.0000   Y
   53      0.0000   -40.0000     0.0000   Y
   54      0.0000   -38.0000     0.0000   Y
   55      0.0000   -36.0000     0.0000   Y
   56      0.0000   -34.0000     0.0000   Y
   57      0.0000   -32.0000     0.0000   Y
   58      0.0000   -30.0000     0.0000   Y
   59      0.0000   -28.0000     0.0000   Y
   60      0.0000   -26.0000     0.0000   Y
   61      0.0000   -24.0000     0.0000   Y
   62      0.0000   -22.0000     0.0000   Y
   63      0.0000   -20.0000     0.0000   Y
   64      0.0000   -18.0000     0.0000   Y
   65      0.0000   -16.0000     0.0000   Y
   66      0.0000   -14.0000     0.0000   Y
   67      0.0000   -12.0000     0.0000   Y
   68      0.0000   -10.0000     0.0000   Y
   69      0.0000    -8.0000     0.0000   Y
   70      0.0000    -6.0000     0.0000   Y
   71      0.0000    -4.0000     0.0000   Y
   72      0.0000    -2.0000     0.0000   Y
   73      0.0000     0.0000     0.0000   Y
   74      0.0000     2.0000     0.0000   Y
   75      0.0000     4.0000     0.0000   Y
   76      0.0000     6.0000     0.0000   Y
   77      0.0000     8.0000     0.0000   Y
   78      0.0000    10.0000     0.0000   Y
   79      0.0000    12.0000     0.0000   Y
   80      0.0000    14.0000     0.0000   Y
   81      0.0000    16.0000     0.0000   Y
   82      0.0000    18.0000     0.0000   Y
   83      0.0000    20.0000     0.0000   Y
   84      0.0000    22.0000     0.0000   Y
   85      0.0000    24.0000     0.0000   Y
   86      0.0000    26.0000     0.0000   Y
   87      0.0000    28.0000     0.0000   Y
   88      0.0000    30.0000     0.0000   Y
   89      0.0000    32.0000     0.0000   Y
   90      0.0000    34.0000     0.0000   Y
   91      0.0000    36.0000     0.0000   Y
   92      0.0000    38.0000     0.0000   Y
   93      0.0000    40.0000     0.0000   Y
   94      0.0000    42.0000     0.0000   Y
   95      0.0000    44.0000     0.0000   Y
   96      0.0000    46.0000     0.0000   Y
   97      0.0000    48.0000     0.0000   Y
