    0    -48.0000     0.0000     0.0000   X
    1    -45.0000     0.0000     0.0000   X
    2    -42.0000     0.0000     0.0000   X
    3    -39.0000     0.0000     0.0000   X
    4    -36.0000     0.0000     0.0000   X
    5    -33.0000     0.0000     0.0000   X
    6    -30.0000     0.0000     0.0000   X
    7    -27.0000     0.0000     0.0000   X
    8    -24.0000     0.0000     0.0000   X
    9    -21.0000     0.0000     0.0000   X
   10    -18.0000     0.0000     0.0000   X
   11    -15.0000     0.0000     0.0000   X
   12    -12.0000     0.0000     0.0000   X
   13     -9.0000     0.0000     0.0000   X
   14     -6.0000     0.0000     0.0000   X
   15     -3.0000     0.0000     0.0000   X
   16      0.0000     0.0000     0.0000   X
   17      3.0000     0.0000     0.0000   X
   18      6.0000     0.0000     0.0000   X
   19      9.0000     0.0000     0.0000   X
   20     12.0000     0.0000     0.0000   X
   21     15.0000     0.0000     0.0000   X
   22     18.0000     0.0000     0.0000   X
   23     21.0000     0.0000     0.0000   X
   24     24.0000     0.0000     0.0000   X
   25     27.0000     0.0000     0.0000   X
   26     30.0000     0.0000     0.0000   X
   27     33.0000     0.0000     0.0000   X
   28     36.0000     0.0000     0.0000   X
   29     39.0000     0.0000     0.0000   X
   30     42.0000     0.0000     0.0000   X
   31     45.0000     0.0000     0.0000   X
   32     48.0000     0.0000     0.0000   X
   33      0.0000   -48.0000     0.0000   Y
   34      0.0000   -45.0000     0.0000   Y
   35      0.0000   -42.0000     0.0000   Y
   36      0.0000   -39.0000     0.0000   Y
   37      0.0000   -36.0000     0.0000   Y
   38      0.0000   -33.0000     0.0000   Y
   39      0.0000   -30.0000     0.0000   Y
   40      0.0000   -27.0000     0.0000   Y
   41      0.0000   -24.0000     0.0000   Y
   42      0.0000   -21.0000     0.0000   Y
   43      0.0000   -18.0000     0.0000   Y
   44      0.0000   -15.0000     0.0000   Y
   45      0.0000   -12.0000     0.0000   Y
   46      0.0000    -9.0000     0.0000   Y
   47      0.0000    -6.0000     0.0000   Y
   48      0.0000    -3.0000     0.0000   Y
   49      0.0000     0.0000     0.0000   Y
   50      0.0000     3.0000     0.0000   Y
   51      0.0000     6.0000     0.0000   Y
   52      0.0000     9.0000     0.0000   Y
   53      0.0000    12.0000     0.0000   Y
   54      0.0000    15.0000     0.0000   Y
   55      0.0000    18.0000     0.0000   Y
   56      0.0000    21.0000     0.0000   Y
   57      0.0000    24.0000     0.0000   Y
   58      0.0000    27.0000     0.0000   Y
   59      0.0000    30.0000     0.0000   Y
   60      0.0000    33.0000     0.0000   Y
   61      0.0000    36.0000     0.0000   Y
   62      0.0000    39.0000     0.0000   Y
   63      0.0000    42.0000     0.0000   Y
   64      0.0000    45.0000     0.0000   Y
   65      0.0000    48.0000     0.0000   Y
