    0    -48.0000     0.0000     0.0000   X
    1    -44.0000     0.0000     0.0000   X
    2    -40.0000     0.0000     0.0000   X
    3    -36.0000     0.0000     0.0000   X
    4    -32.0000     0.0000     0.0000   X
    5    -28.0000     0.0000     0.0000   X
    6    -24.0000     0.0000     0.0000   X
    7    -20.0000     0.0000     0.0000   X
    8    -16.0000     0.0000     0.0000   X
    9    -12.0000     0.0000     0.0000   X
   10     -8.0000     0.0000     0.0000   X
   11     -4.0000     0.0000     0.0000   X
   12      0.0000     0.0000     0.0000   X
   13      4.0000     0.0000     0.0000   X
   14      8.0000     0.0000     0.0000   X
   15     12.0000     0.0000     0.0000   X
   16     16.0000     0.0000     0.0000   X
   17     20.0000     0.0000     0.0000   X
   18     24.0000     0.0000     0.0000   X
   19     28.0000     0.0000     0.0000   X
   20     32.0000     0.0000     0.0000   X
   21     36.0000     0.0000     0.0000   X
   22     40.0000     0.0000     0.0000   X
   23     44.0000     0.0000     0.0000   X
   24     48.0000     0.0000     0.0000   X
   25      0.0000   -48.0000     0.0000   Y
   26      0.0000   -44.0000     0.0000   Y
   27      0.0000   -40.0000     0.0000   Y
   28      0.0000   -36.0000     0.0000   Y
   29      0.0000   -32.0000     0.0000   Y
   30      0.0000   -28.0000     0.0000   Y
   31      0.0000   -24.0000     0.0000   Y
   32      0.0000   -20.0000     0.0000   Y
   33      0.0000   -16.0000     0.0000   Y
   34      0.0000   -12.0000     0.0000   Y
   35      0.0000    -8.0000     0.0000   Y
   36      0.0000    -4.0000     0.0000   Y
   37      0.0000     0.0000     0.0000   Y
   38      0.0000     4.0000     0.0000   Y
   39      0.0000     8.0000     0.0000   Y
   40      0.0000    12.0000     0.0000   Y
   41      0.0000    16.0000     0.0000   Y
   42      0.0000    20.0000     0.0000   Y
   43      0.0000    24.0000     0.0000   Y
   44      0.0000    28.0000     0.0000   Y
   45      0.0000    32.0000     0.0000   Y
   46      0.0000    36.0000     0.0000   Y
   47      0.0000    40.0000     0.0000   Y
   48      0.0000    44.0000     0.0000   Y
   49      0.0000    48.0000     0.0000   Y
