    0    -48.0000     0.0000     0.0000   X
    1    -40.0000     0.0000     0.0000   X
    2    -32.0000     0.0000     0.0000   X
    3    -24.0000     0.0000     0.0000   X
    4    -16.0000     0.0000     0.0000   X
    5     -8.0000     0.0000     0.0000   X
    6      0.0000     0.0000     0.0000   X
    7      8.0000     0.0000     0.0000   X
    8     16.0000     0.0000     0.0000   X
    9     24.0000     0.0000     0.0000   X
   10     32.0000     0.0000     0.0000   X
   11     40.0000     0.0000     0.0000   X
   12     48.0000     0.0000     0.0000   X
   13      0.0000   -48.0000     0.0000   Y
   14      0.0000   -40.0000     0.0000   Y
   15      0.0000   -32.0000     0.0000   Y
   16      0.0000   -24.0000     0.0000   Y
   17      0.0000   -16.0000     0.0000   Y
   18      0.0000    -8.0000     0.0000   Y
   19      0.0000     0.0000     0.0000   Y
   20      0.0000     8.0000     0.0000   Y
   21      0.0000    16.0000     0.0000   Y
   22      0.0000    24.0000     0.0000   Y
   23      0.0000    32.0000     0.0000   Y
   24      0.0000    40.0000     0.0000   Y
   25      0.0000    48.0000     0.0000   Y
