    0    -48.0000     0.0000     0.0000   X
    1    -42.0000     0.0000     0.0000   X
    2    -36.0000     0.0000     0.0000   X
    3    -30.0000     0.0000     0.0000   X
    4    -24.0000     0.0000     0.0000   X
    5    -18.0000     0.0000     0.0000   X
    6    -12.0000     0.0000     0.0000   X
    7     -6.0000     0.0000     0.0000   X
    8      0.0000     0.0000     0.0000   X
    9      6.0000     0.0000     0.0000   X
   10     12.0000     0.0000     0.0000   X
   11     18.0000     0.0000     0.0000   X
   12     24.0000     0.0000     0.0000   X
   13     30.0000     0.0000     0.0000   X
   14     36.0000     0.0000     0.0000   X
   15     42.0000     0.0000     0.0000   X
   16     48.0000     0.0000     0.0000   X
   17      0.0000   -48.0000     0.0000   Y
   18      0.0000   -42.0000     0.0000   Y
   19      0.0000   -36.0000     0.0000   Y
   20      0.0000   -30.0000     0.0000   Y
   21      0.0000   -24.0000     0.0000   Y
   22      0.0000   -18.0000     0.0000   Y
   23      0.0000   -12.0000     0.0000   Y
   24      0.0000    -6.0000     0.0000   Y
   25      0.0000     0.0000     0.0000   Y
   26      0.0000     6.0000     0.0000   Y
   27      0.0000    12.0000     0.0000   Y
   28      0.0000    18.0000     0.0000   Y
   29      0.0000    24.0000     0.0000   Y
   30      0.0000    30.0000     0.0000   Y
   31      0.0000    36.0000     0.0000   Y
   32      0.0000    42.0000     0.0000   Y
   33      0.0000    48.0000     0.0000   Y
